0 0 0 0 0 0 0 0 0 0 0 0 0 0 0 0 0 0 0 [32m1 [0m0 0 0 
0 0 [33m1 [0m0 0 0 0 0 0 0 0 0 0 0 0 0 0 0 0 0 0 0 0 
0 0 0 0 0 0 0 0 0 0 0 0 0 0 0 0 0 0 0 0 [34m1 [0m0 0 
0 0 0 0 0 0 0 0 0 0 0 0 0 0 0 0 0 0 0 0 0 0 0 
0 0 0 0 0 [37m1 [0m0 0 0 0 0 0 0 0 0 0 0 0 0 0 0 0 0 
0 0 [33m1 [0m0 0 0 0 0 0 0 [36m1 [0m0 0 0 0 0 0 0 0 0 0 0 0 
0 0 0 0 0 0 0 0 0 0 0 0 0 0 0 0 0 0 0 0 0 0 0 
0 0 0 0 0 0 0 0 0 0 0 0 0 0 0 0 0 0 0 0 0 0 0 
0 0 0 0 0 0 0 0 [31m1 [0m0 0 0 0 0 [31m1 [0m0 0 0 0 0 0 0 [31m1 [0m
0 0 0 0 0 0 0 0 0 0 0 0 0 0 0 0 0 0 0 0 0 0 0 
0 0 0 0 0 0 0 0 0 0 0 0 0 0 0 0 0 0 0 0 0 0 0 
0 0 0 0 0 0 0 0 0 0 0 0 0 0 0 0 [32m1 [0m0 0 [32m1 [0m0 0 0 
0 0 0 0 0 0 0 0 0 0 0 0 0 0 0 0 0 0 0 0 0 0 0 
0 0 0 0 0 0 0 [31m1 [0m0 0 0 0 0 0 0 0 0 0 0 0 0 0 0 
0 0 0 0 [34m1 [0m0 0 0 0 0 0 0 0 0 0 0 0 0 0 0 0 0 0 
0 0 0 0 0 0 0 0 0 0 0 0 0 0 0 0 [32m1 [0m0 0 0 0 0 0 
0 0 0 [34m1 [0m0 0 0 0 0 0 0 0 0 0 0 0 0 0 0 0 [34m1 [0m0 0 
0 0 0 0 0 0 0 0 0 0 0 0 0 0 0 0 0 0 0 0 0 0 0 
0 0 0 [34m1 [0m0 0 0 0 0 0 0 0 0 0 0 0 0 0 0 0 0 0 0 
0 0 0 [34m1 [0m0 0 0 0 0 0 0 0 0 0 0 0 0 0 0 0 0 0 0 
0 0 0 0 0 0 0 0 0 0 0 0 0 0 0 0 0 0 0 0 0 0 0 
0 0 0 0 0 0 0 0 0 0 0 0 0 0 0 0 0 0 0 0 0 0 0 
0 0 0 0 [34m1 [0m0 0 0 0 0 0 0 0 0 0 [34m1 [0m0 0 0 0 0 0 0 

number of potatoes : 8
potato number : 0
{(20,2) ,(20,16) ,(3,16) ,(3,18) ,(3,19) ,}
potato number : 1
{(22,8) ,(14,8) ,(8,8) ,}
potato number : 2
{(2,5) ,(10,5) ,}
potato number : 3
{(2,5) ,(2,1) ,}
potato number : 4
{(16,15) ,(16,11) ,(19,11) ,(19,0) ,}
potato number : 5
{(5,4) ,}
potato number : 6
{(4,14) ,(4,22) ,(15,22) ,}
potato number : 7
{(7,13) ,}
