0 0 0 0 0 [36m1 [0m0 0 0 [36m1 [0m0 0 0 0 0 0 0 0 0 0 0 [36m1 [0m
0 0 0 0 0 0 0 [31m1 [0m0 0 0 0 0 0 0 0 0 0 0 0 0 0 
0 0 0 0 0 0 0 0 0 0 0 0 0 0 0 0 0 0 0 0 0 0 
0 0 0 0 0 0 0 0 0 0 0 0 0 0 0 0 0 0 0 0 0 0 
0 0 0 0 0 0 0 0 0 0 0 0 0 0 [31m1 [0m0 0 [34m1 [0m0 0 0 0 
0 0 0 0 0 0 0 0 0 0 0 0 0 0 0 0 0 0 0 0 0 0 
0 0 0 0 0 0 0 0 0 0 0 0 0 0 0 0 0 0 0 0 0 0 
0 0 0 0 0 0 0 0 0 0 0 0 0 0 0 0 0 0 0 0 0 0 
0 0 0 0 0 0 0 0 0 0 0 [36m1 [0m0 0 0 0 0 0 0 0 0 [36m1 [0m
[31m1 [0m0 0 0 0 0 0 0 0 0 0 0 0 0 [31m1 [0m0 0 0 0 0 0 0 
0 0 0 0 0 0 0 0 0 0 0 0 0 0 0 0 0 0 0 0 0 0 
0 0 0 0 0 0 0 0 0 0 0 0 0 0 0 0 0 0 0 0 0 0 
0 0 0 0 0 0 0 0 0 0 0 0 0 0 0 0 0 0 0 0 [34m1 [0m0 
0 0 0 0 0 0 0 0 0 0 [33m1 [0m0 0 0 0 0 0 0 0 0 0 0 
0 0 [31m1 [0m0 0 0 0 0 0 0 0 0 0 0 [31m1 [0m0 0 0 0 0 0 0 
0 0 0 0 0 0 0 0 0 0 0 0 0 0 0 0 0 0 0 0 0 0 
0 0 0 0 0 0 0 0 0 0 0 0 0 0 0 0 0 0 0 0 0 [36m1 [0m
[31m1 [0m0 0 0 0 0 0 0 0 0 0 0 0 0 0 0 0 0 0 0 0 0 
0 [32m1 [0m0 0 0 0 0 0 0 0 0 0 0 0 0 0 0 0 0 0 0 0 
0 0 0 0 0 0 0 0 0 0 0 0 0 0 0 0 0 0 0 0 0 0 
0 0 0 0 0 0 0 0 0 0 0 0 0 0 0 0 0 0 0 0 0 0 
0 [37m1 [0m0 0 0 0 0 0 0 0 0 0 0 [37m1 [0m0 0 0 0 0 0 0 0 

number of potatoes : 8
potato number : 0
{(2,14) ,(14,14) ,(14,4) ,(17,4) ,}
potato number : 1
{(2,14) ,(14,14) ,(14,4) ,(14,9) ,(0,9) ,(0,17) ,}
potato number : 2
{(11,8) ,(21,8) ,(21,16) ,(21,0) ,(5,0) ,(9,0) ,}
potato number : 3
{(10,13) ,}
potato number : 4
{(1,21) ,(1,18) ,}
potato number : 5
{(1,21) ,(13,21) ,(13,21) ,}
potato number : 6
{(20,12) ,}
potato number : 7
{(7,1) ,}
