0 0 [33m1 [0m0 0 0 0 0 0 0 0 0 0 0 0 0 
0 0 0 0 0 0 0 0 0 0 0 0 0 0 0 0 
0 0 0 [36m1 [0m[36m1 [0m0 0 [36m1 [0m0 0 0 0 0 0 0 0 
0 0 0 0 0 0 0 0 0 0 0 0 0 0 0 0 
0 0 0 0 0 0 0 0 0 0 0 0 0 0 0 [32m1 [0m
0 [36m1 [0m0 0 [36m1 [0m0 0 0 [36m1 [0m0 0 0 0 0 0 0 
0 0 0 0 0 0 0 0 0 0 0 0 0 [34m1 [0m0 0 
0 0 0 0 0 0 0 0 0 0 0 0 [37m1 [0m0 0 0 
0 0 0 0 0 0 0 0 0 0 0 0 0 0 0 0 
0 0 0 0 0 0 0 0 0 0 [31m1 [0m0 0 0 0 0 
0 0 0 0 0 0 0 0 0 0 [31m1 [0m[31m1 [0m0 0 0 0 
0 0 0 0 0 [34m1 [0m0 0 0 0 0 [34m1 [0m0 0 0 0 
0 0 0 0 [36m1 [0m0 0 [36m1 [0m0 [36m1 [0m0 [36m1 [0m0 0 0 0 
0 0 0 0 0 [34m1 [0m0 0 0 0 0 0 0 0 0 0 
0 0 0 0 0 0 0 0 0 0 0 0 0 0 0 0 
0 0 0 0 0 0 0 0 0 0 0 0 0 0 0 0 

number of potatoes : 7
potato number : 0
{(1,5) ,(8,5) ,(4,5) ,(4,2) ,(3,2) ,(7,2) ,(7,12) ,(9,12) ,(11,12) ,(11,10) ,(11,11) ,(5,11) ,(5,13) ,}
potato number : 1
{(1,5) ,(8,5) ,(4,5) ,(4,2) ,(3,2) ,(7,2) ,(7,12) ,(9,12) ,(11,12) ,(11,10) ,(10,10) ,(10,9) ,}
potato number : 2
{(1,5) ,(8,5) ,(4,5) ,(4,2) ,(3,2) ,(7,2) ,(7,12) ,(9,12) ,(11,12) ,(4,12) ,}
potato number : 3
{(2,0) ,}
potato number : 4
{(15,4) ,}
potato number : 5
{(12,7) ,}
potato number : 6
{(13,6) ,}
