0 0 0 0 0 0 0 [31m1 [0m0 0 0 [31m1 [0m0 0 0 0 0 0 
0 0 0 0 0 0 0 0 [31m1 [0m0 0 0 0 0 0 0 0 0 
0 [32m1 [0m0 0 0 0 0 0 0 0 0 0 0 0 0 0 0 0 
0 0 0 0 0 0 0 [31m1 [0m[31m1 [0m0 0 0 0 [31m1 [0m0 0 0 0 
0 0 0 0 0 0 0 [31m1 [0m[31m1 [0m0 0 0 0 0 [31m1 [0m0 0 0 
0 0 0 0 0 0 [36m1 [0m0 0 0 0 0 0 0 0 0 0 0 
0 0 0 0 0 0 0 0 0 0 0 0 0 0 [34m1 [0m0 0 0 
0 0 0 0 0 0 0 0 0 0 0 0 [31m1 [0m0 0 [31m1 [0m0 0 
0 0 0 0 0 0 0 0 0 0 0 [31m1 [0m0 0 0 [31m1 [0m0 0 
0 0 0 0 0 0 0 0 0 0 0 0 0 0 0 0 0 0 
0 0 0 0 0 0 0 0 0 0 0 0 0 0 0 0 0 0 
0 0 0 0 0 0 0 0 0 0 0 0 0 0 0 0 0 0 
0 0 0 0 0 0 0 0 0 0 0 0 0 0 0 0 0 0 
0 0 0 0 0 0 0 0 0 0 0 0 0 0 0 0 0 0 
0 0 0 0 [37m1 [0m0 0 0 0 0 0 0 0 0 0 0 0 0 
0 0 0 0 0 0 0 0 0 0 0 0 0 0 0 0 0 0 
0 0 0 [33m1 [0m0 0 0 0 0 [33m1 [0m0 0 0 0 0 0 0 0 
0 0 0 0 0 0 0 [31m1 [0m0 0 0 0 0 0 0 0 0 0 

number of potatoes : 6
potato number : 0
{(12,7) ,(15,7) ,(15,8) ,(11,8) ,(11,0) ,(7,0) ,(7,17) ,(7,3) ,(7,4) ,(14,4) ,(14,6) ,}
potato number : 1
{(12,7) ,(15,7) ,(15,8) ,(11,8) ,(11,0) ,(7,0) ,(7,17) ,(7,3) ,(7,4) ,(14,4) ,(8,4) ,(8,1) ,(8,3) ,(13,3) ,}
potato number : 2
{(6,5) ,}
potato number : 3
{(9,16) ,(3,16) ,}
potato number : 4
{(1,2) ,}
potato number : 5
{(4,14) ,}
