0 0 [34m1 [0m0 0 0 0 0 0 0 0 0 0 0 0 0 0 0 [34m1 [0m
0 0 0 0 0 0 [33m1 [0m0 0 0 [33m1 [0m0 0 0 0 0 0 0 0 
0 0 0 0 0 0 0 0 0 0 0 0 0 0 0 0 0 0 0 
0 0 0 0 [32m1 [0m0 0 0 0 0 0 0 0 0 0 0 0 0 0 
0 0 0 0 0 0 0 0 0 0 0 0 0 0 0 0 0 0 0 
0 0 0 0 0 0 0 0 0 0 0 0 0 0 0 0 0 [34m1 [0m0 
[36m1 [0m0 0 0 0 0 0 0 [36m1 [0m0 0 0 0 0 0 0 0 0 0 
0 0 0 0 0 0 0 [37m1 [0m0 0 0 0 0 0 0 0 0 0 0 
0 0 0 0 0 0 0 0 0 0 0 0 0 0 0 0 0 0 0 
0 0 0 0 0 0 0 0 0 0 [33m1 [0m0 0 0 0 0 0 0 0 
0 0 0 0 0 0 0 0 [31m1 [0m0 0 0 0 0 0 0 0 0 0 
0 0 0 0 0 0 0 0 0 0 0 0 0 0 0 0 0 [34m1 [0m0 
0 0 0 0 0 0 0 0 [31m1 [0m0 0 0 0 0 0 0 0 0 0 
0 0 0 0 0 0 0 0 0 0 0 [36m1 [0m0 0 0 0 0 0 0 
[36m1 [0m0 0 0 0 0 0 0 0 0 0 [36m1 [0m0 0 0 0 0 0 0 
0 0 0 0 0 0 0 0 0 0 0 0 0 0 0 0 0 0 0 
0 0 0 0 0 0 0 0 0 0 0 0 0 0 0 0 [31m1 [0m0 0 
0 0 [34m1 [0m0 0 0 0 0 0 0 0 0 0 0 0 0 0 0 0 
0 0 0 0 0 0 0 [37m1 [0m0 0 0 0 0 0 0 0 0 0 0 

number of potatoes : 8
potato number : 0
{(2,17) ,(2,0) ,(18,0) ,}
potato number : 1
{(8,6) ,(8,12) ,(8,10) ,}
potato number : 2
{(8,6) ,(0,6) ,(0,14) ,(11,14) ,(11,13) ,}
potato number : 3
{(10,9) ,(10,1) ,(6,1) ,}
potato number : 4
{(4,3) ,}
potato number : 5
{(7,7) ,(7,18) ,}
potato number : 6
{(17,11) ,(17,11) ,(17,5) ,}
potato number : 7
{(16,16) ,}
