0 0 0 0 0 0 0 0 0 0 0 0 0 0 0 0 0 0 0 0 0 0 0 0 0 0 0 
0 0 0 0 0 0 0 0 0 0 0 0 0 0 0 0 0 0 0 0 0 0 0 0 0 0 0 
0 [37m1 [0m0 0 0 0 0 0 0 0 0 0 0 0 0 0 0 0 0 0 0 0 0 0 0 0 0 
0 0 0 0 0 0 0 0 0 0 0 0 0 0 0 0 0 0 0 0 0 0 0 0 0 0 0 
0 0 0 0 0 0 0 0 0 0 0 0 0 0 0 0 0 0 0 0 0 0 0 0 0 0 0 
0 0 0 0 0 0 0 0 0 0 0 0 0 0 0 [33m1 [0m0 0 0 0 0 0 0 0 0 0 0 
0 0 0 0 0 0 0 0 0 0 0 0 0 0 0 0 0 0 0 0 0 0 0 0 0 0 0 
[34m1 [0m0 0 [34m1 [0m0 0 [34m1 [0m0 0 0 0 0 0 0 0 0 0 0 0 0 0 [34m1 [0m0 0 0 0 0 
0 0 0 0 0 0 0 0 0 0 0 0 0 0 0 0 [36m1 [0m0 0 0 [36m1 [0m0 0 0 0 0 0 
0 0 0 0 0 0 0 0 0 0 0 0 0 0 0 0 [31m1 [0m0 0 0 0 0 0 0 0 0 0 
0 0 0 0 0 0 0 0 0 0 0 0 0 0 0 0 0 0 0 0 0 0 0 0 0 0 0 
0 0 0 0 0 0 0 0 0 0 0 0 0 0 0 0 0 0 0 0 0 0 0 0 0 0 0 
0 0 0 0 0 0 0 [33m1 [0m0 0 0 0 0 0 0 0 0 0 0 0 0 0 0 0 0 0 [33m1 [0m
0 0 0 0 0 0 0 0 0 0 0 0 0 0 0 0 0 0 0 0 0 0 0 [36m1 [0m0 [36m1 [0m0 
0 0 0 0 [34m1 [0m0 0 0 0 0 0 0 0 0 0 0 0 0 0 0 0 0 0 0 0 0 0 
0 0 0 0 0 0 0 0 0 0 0 0 0 0 0 0 0 0 0 0 0 0 0 [31m1 [0m0 0 0 
0 0 0 0 0 0 0 0 0 0 0 0 0 0 0 0 0 0 0 0 0 0 0 0 0 0 0 
0 0 0 0 0 0 0 0 0 0 0 0 0 0 0 0 0 0 0 0 0 0 0 0 [32m1 [0m0 0 
0 0 [37m1 [0m0 0 0 0 0 0 0 0 0 0 0 0 0 0 0 0 0 0 0 0 0 0 0 0 
0 0 0 0 0 0 0 0 0 0 0 0 0 0 0 0 0 0 0 0 0 0 0 0 0 0 [33m1 [0m
0 0 0 0 0 0 0 0 0 0 0 0 0 0 0 0 0 0 0 0 0 0 0 0 0 0 0 
0 0 0 0 [34m1 [0m0 0 0 0 0 0 0 0 0 0 0 0 0 0 0 0 0 0 0 0 0 0 
0 0 0 0 0 0 0 0 [32m1 [0m0 0 0 0 0 0 0 0 0 0 0 0 0 0 0 0 0 0 
0 0 0 0 0 0 0 0 0 0 0 0 0 0 0 0 0 0 0 0 0 0 0 0 0 0 0 
0 0 0 0 0 0 0 0 0 0 0 0 0 0 0 0 0 0 0 0 0 0 0 0 0 0 0 
0 0 0 0 0 0 0 0 0 0 0 0 0 0 0 0 0 0 0 0 0 0 0 0 0 0 0 
0 0 0 0 0 0 0 0 0 0 0 0 0 0 0 0 0 0 0 0 0 0 0 0 0 0 0 

number of potatoes : 12
potato number : 0
{(6,7) ,(3,7) ,(0,7) ,(21,7) ,}
potato number : 1
{(23,13) ,(23,15) ,}
potato number : 2
{(23,13) ,(25,13) ,}
potato number : 3
{(15,5) ,}
potato number : 4
{(24,17) ,}
potato number : 5
{(1,2) ,}
potato number : 6
{(4,14) ,(4,21) ,}
potato number : 7
{(16,8) ,(16,9) ,}
potato number : 8
{(16,8) ,(20,8) ,}
potato number : 9
{(7,12) ,(26,12) ,(26,19) ,}
potato number : 10
{(8,22) ,}
potato number : 11
{(2,18) ,}
