0 0 0 0 0 0 0 0 0 0 0 0 0 0 [31m1 [0m0 0 0 0 0 0 
0 0 0 0 0 0 0 0 0 0 0 0 0 0 0 0 0 0 0 0 0 
0 0 0 0 0 0 0 0 0 [34m1 [0m0 0 0 0 0 0 0 0 0 0 0 
0 0 0 0 0 0 0 0 0 0 0 0 0 0 0 0 0 0 0 0 0 
0 0 0 0 0 0 0 0 0 0 0 0 [31m1 [0m0 0 0 0 0 0 0 0 
0 0 0 0 0 0 0 0 0 0 0 0 0 0 0 0 0 0 0 0 0 
0 0 0 0 0 [31m1 [0m0 0 0 0 0 0 0 0 0 0 0 0 0 0 0 
0 0 0 0 0 0 0 0 0 0 0 0 0 0 [31m1 [0m0 0 0 0 0 0 
0 [32m1 [0m0 0 [33m1 [0m0 0 0 0 0 0 0 0 0 0 0 0 0 0 0 0 
0 0 0 0 0 0 0 0 0 0 0 0 0 0 [31m1 [0m0 0 0 0 0 0 
0 0 0 0 0 0 0 0 0 0 0 0 0 0 0 0 0 0 0 0 0 
0 0 0 0 0 0 0 0 0 0 0 0 0 0 0 0 0 0 0 0 0 
0 [32m1 [0m0 0 0 0 0 0 0 0 0 0 0 0 0 0 0 0 0 0 0 
0 0 0 0 0 0 0 0 0 0 0 0 0 0 0 0 0 0 0 0 0 
0 0 0 0 0 0 0 0 0 0 0 0 0 0 0 0 0 0 0 0 0 
0 0 0 0 0 0 0 0 0 0 0 0 0 0 0 0 0 0 0 [34m1 [0m0 
0 0 0 0 0 0 0 0 0 [34m1 [0m0 0 [31m1 [0m0 [31m1 [0m0 0 0 0 0 0 
0 [37m1 [0m0 0 0 0 0 0 [37m1 [0m0 0 0 0 0 0 0 0 0 0 0 0 
0 0 0 0 0 0 0 0 0 0 0 0 0 0 0 0 0 0 0 0 0 
[37m1 [0m[37m1 [0m0 0 0 0 0 0 0 0 0 0 0 0 0 0 0 0 0 0 0 
0 0 0 0 0 0 0 0 0 0 0 0 0 0 0 0 0 0 [36m1 [0m0 0 

number of potatoes : 8
potato number : 0
{(12,4) ,(12,16) ,(14,16) ,(14,9) ,(14,7) ,(14,16) ,(9,16) ,(9,2) ,}
potato number : 1
{(12,4) ,(12,16) ,(14,16) ,(14,9) ,(14,7) ,(14,16) ,(14,0) ,}
potato number : 2
{(18,20) ,}
potato number : 3
{(0,19) ,(1,19) ,(1,17) ,(1,8) ,(4,8) ,}
potato number : 4
{(0,19) ,(1,19) ,(1,17) ,(1,8) ,(1,12) ,}
potato number : 5
{(0,19) ,(1,19) ,(1,17) ,(8,17) ,}
potato number : 6
{(19,15) ,(19,15) ,}
potato number : 7
{(5,6) ,}
