0 0 0 0 0 0 0 0 0 [32m1 [0m0 [32m1 [0m0 0 0 0 0 0 0 0 
[37m1 [0m0 0 0 0 0 0 0 0 0 0 0 0 0 0 0 0 0 0 0 
0 0 0 0 0 0 0 0 0 0 0 [32m1 [0m0 0 0 0 0 0 0 0 
0 [34m1 [0m0 0 0 0 0 0 0 0 0 0 0 0 0 0 0 0 0 0 
0 0 0 0 [33m1 [0m0 0 0 0 0 0 0 0 0 [33m1 [0m0 0 0 0 0 
0 0 0 0 0 0 0 0 0 0 0 0 0 0 0 0 0 0 0 0 
0 [34m1 [0m0 0 0 0 0 0 0 0 0 0 0 0 0 0 0 0 0 0 
0 0 0 0 0 0 0 0 0 0 0 0 0 0 0 0 0 0 0 0 
0 0 0 0 0 0 0 0 0 0 0 0 0 0 0 0 0 0 0 0 
0 0 0 0 0 0 0 0 0 [32m1 [0m0 0 0 0 0 0 0 0 [32m1 [0m0 
0 0 0 [32m1 [0m[32m1 [0m0 0 0 0 0 0 [32m1 [0m0 0 0 0 0 0 0 0 
0 0 0 [32m1 [0m0 0 0 0 0 0 0 0 0 0 0 0 0 0 0 0 
0 0 0 0 0 0 0 0 0 0 0 0 0 0 0 0 0 0 0 [34m1 [0m
[37m1 [0m0 0 0 0 0 0 0 0 0 0 0 0 0 0 0 0 0 0 0 
0 0 0 0 0 0 0 0 0 0 0 0 0 0 0 0 0 0 0 0 
0 0 0 0 0 0 0 0 0 0 0 0 0 0 0 0 0 0 0 0 
0 0 0 0 0 0 0 [31m1 [0m0 0 0 0 0 0 0 0 0 0 0 0 
0 [34m1 [0m0 0 0 0 0 0 0 0 0 0 0 0 0 0 0 0 0 0 
0 0 0 0 0 0 0 0 0 0 0 0 0 0 0 0 0 0 [31m1 [0m0 
0 0 0 0 [36m1 [0m0 0 0 0 0 0 0 0 0 0 0 0 0 0 0 

number of potatoes : 8
potato number : 0
{(1,17) ,(1,6) ,(1,3) ,}
potato number : 1
{(18,9) ,(18,18) ,}
potato number : 2
{(18,9) ,(9,9) ,(9,0) ,(11,0) ,(11,2) ,(11,10) ,(4,10) ,(4,4) ,(4,19) ,}
potato number : 3
{(18,9) ,(9,9) ,(9,0) ,(11,0) ,(11,2) ,(11,10) ,(4,10) ,(4,4) ,(14,4) ,}
potato number : 4
{(18,9) ,(9,9) ,(9,0) ,(11,0) ,(11,2) ,(11,10) ,(4,10) ,(3,10) ,(3,11) ,}
potato number : 5
{(0,1) ,(0,13) ,}
potato number : 6
{(19,12) ,}
potato number : 7
{(7,16) ,}
