0 0 0 [34m1 [0m0 0 0 0 0 0 0 0 0 0 0 0 [32m1 [0m
0 0 0 0 0 0 0 0 0 0 0 0 0 0 0 0 0 
0 0 0 0 0 0 0 0 0 0 0 0 0 0 0 0 [32m1 [0m
0 0 0 0 0 0 0 [31m1 [0m0 0 0 0 0 0 0 0 0 
0 0 0 0 0 0 0 0 0 0 0 0 0 0 0 0 0 
0 0 0 0 0 0 0 0 0 0 0 0 0 0 0 [37m1 [0m0 
0 0 0 0 0 0 0 0 0 0 0 [34m1 [0m0 0 0 0 0 
0 0 0 [34m1 [0m0 0 0 0 0 0 0 0 0 0 0 [37m1 [0m0 
0 0 0 [34m1 [0m0 0 0 0 0 0 0 0 0 0 0 0 0 
0 0 0 0 0 0 0 0 0 0 0 [34m1 [0m0 0 0 0 0 
0 0 0 0 0 [36m1 [0m0 0 0 0 0 0 0 [36m1 [0m0 0 0 
0 0 0 0 0 [36m1 [0m0 [31m1 [0m[31m1 [0m0 0 0 0 0 0 0 0 
0 0 0 0 0 0 0 [31m1 [0m0 0 0 0 0 0 0 0 0 
0 0 0 0 0 0 0 0 0 0 0 [34m1 [0m0 0 0 0 0 
[33m1 [0m0 0 0 0 [33m1 [0m0 0 0 0 0 0 0 0 0 0 0 
0 0 0 0 0 0 0 0 0 0 [31m1 [0m0 0 0 0 0 0 
0 0 0 0 0 0 0 0 0 0 0 0 0 0 0 0 0 

number of potatoes : 8
potato number : 0
{(11,13) ,(11,6) ,(11,9) ,}
potato number : 1
{(5,14) ,(5,11) ,(8,11) ,(7,11) ,(7,12) ,(7,3) ,}
potato number : 2
{(5,14) ,(5,11) ,(5,10) ,(13,10) ,}
potato number : 3
{(5,14) ,(0,14) ,}
potato number : 4
{(3,0) ,(16,0) ,(16,2) ,}
potato number : 5
{(3,0) ,(3,7) ,(15,7) ,(15,5) ,}
potato number : 6
{(3,0) ,(3,7) ,(3,8) ,}
potato number : 7
{(10,15) ,}
